297974
366224
227910
339912
177013
359126
239990
298547
304307
329882
290886
177978
289857
178983
350536
347363
244327
286444
118282
347643
257326
146595
371882
295679
340093
330975
228626
344322
351814
371165
142825
355390
123554
267270
265725
357965
371144
343796
305196
368084
155235
75165
287001
359336
351589
374008
363977
140870
354287
374330
274788
318224
377499
313039
123866
374482
342738
366386
81652
371148
304256
351323
287158
341805
264370
340438
350388
325479
344031
262254
85289
184840
199533
253119
159293
142154
313815
349490
369613
311546
317115
335973
307489
342107
360506
370164
313521
234638
363218
182290
366429
316945
150309
286769
275877
168333
372502
91988
174016
293304
367964
369335
244428
369979
139209
107965
135474
118069
111082
353127
377365
347653
366091
373521
126290
255662
353770
327792
349952
331464
129595
322752
357612
210185
209519
268281
259264
261451
364677
331937
352600
347570
355046
349273
356111
319214
237595
205426
379175
317269
217410
253687
278581
358725
157475
158050
288026
370978
187373
357820
357820
137838
366835
350635
375518
334149
336510
338672
337171
343922
187068
169134
252823
273646
375463
332931
315891
372104
333923
361079
165774
288762
272745
329822
178874
342304
334362
332162
199827
226181
262771
317039
220958
165310
220309
343302
185294
346115
365282
274494
321087
348566
292638
323934
285651
91914
282288
271920
241880
367397
348002
292408
285981
204669
167586
263493
291486
354797
327447
342844
329542
266402
295703
348748
211312
369123
365752
256097
175220
114883
374318
260629
355755
204746
271282
355139
367166
376398
373515
317646
305896
285588
340116
323026
219358
367653
379845
318530
364726
376170
378231
293191
365436
142314
214230
360791
376825
366908
353545
258362
173023
252544
344844
138292
212556
343141
232291
114057
183714
358536
281862
341352
359542
363685
369154
88848
325211
370006
366298
379044
344982
352064
160609
356093
379814
271797
361830
328333
159433
372833
373996
319346
333734
140247
315869
323257
219077
336470
370913
171091
282962
283793
369537
345255
340736
273719
369642
204224
343857
262395
370542
334484
130350
362160
374070
364986
337906
264920
379422
364219
190547
306102
358055
211173
265536
374159
379046
249743
355617
376445
284405
327457
375952
331167
359799
374929
376949
350574
363866
258654
371851
177674
265949
292932
339794
356321
364991
343091
368227
365793
325819
347021
209704
220794
324519
338347
235899
360451
213012
235905
336272
368176
156153
378935
368681
378994
365554
151436
368978
351090
344733
326132
349012
370412
317164
372399
355630
259569
247599
372103
379667
275025
327751
371815
281289
368863
343384
301617
316920
188717
323771
359341
338006
367359
370539
322460
370727
352408
360436
365937
353799
255308
323492
377162
344660
286089
274687
339611
357477
336778
360009
357616
344027
379766
362221
372961
224921
258263
257132
348223
242808
359110
139808
358025
336994
337864
354384
343041
352682
237485
337033
239957
166174
372639
229366
350917
226571
346925
366695
343243
321079
192435
370616
227498
211648
371550
366985
240543
369726
356516
218324
354611
351723
156069
361075
184190
285698
152246
314412
236480
152969
190320
178992
237549
357008
361988
342356
371443
233773
366817
365458
271074
285504
247540
328672
340779
320042
346430
358395
298399
203978
265342
345707
351678
361985
361985
262707
352285
332835
150808
335630
258133
362858
345222
361433
351427
279963
250164
138889
348548
322350
158862
358457
360000
326485
311263
250401
191049
216158
136907
356585
371555
326164
377603
211519
377628
349989
325810
215154
277117
376636
153643
350659
329702
144850
122064
337453
239463
181008
302610
277677
292597
257825
329172
223349
223349
363219
274421
376715
347396
295680
330483
229938
376567
342540
145647
182677
373400
168574
348554
363160
270582
358929
348452
346126
356211
349433
268742
318316
335285
354920
266577
325536
344993
297567
304543
376397
373772
333272
325695
363821
357304
272029
195142
175658
238577
365579
177489
355631
370142
123450
376394
372382
351324
338375
324573
339294
351325
312567
333337
257525
89447
356025
346564
247453
225019
318661
363032
374873
365060
341628
362480
349913
201031
366709
284074
354399
332662
342998
125211
368760
166315
155850
328431
249938
332400
303463
377808
355722
275958
364591
359649
379870
320998
336580
187611
296632
329864
293537
339531
354616
163821
191093
254838
379482
369570
362170
365160
364626
379327
332255
360106
192340
355065
271443
274796
324971
375777
144057
355155
346950
374727
328208
325394
363636
213854
175052
178931
117305
121306
121306
293239
323442
149760
351016
263516
325801
149591
176234
352745
128705
238739
370619
357504
355894
352219
326638
349115
268196
161519
229676
373233
362971
309499
334828
334828
323627
350866
368096
349666
373064
297485
291201
220380
346555
373192
345587
342759
278575
262685
312665
367351
351577
318321
372746
210670
356875
234690
363332
274329
346024
333456
376812
191538
100123
322345
264275
361657
356811
379988
345843
356922
332664
348966
363664
376752
256951
189597
377941
378063
364638
248318
257545
339218
356602
314462
225904
240330
287312
322820
365669
351401
319435
358726
378270
168620
369495
306876
285257
186780
267597
258479
333024
196017
165870
352215
316334
93192
255369
362083
338474
339530
361411
182528
275756
247896
360647
191887
377445
210133
312982
188337
278041
324134
368319
332808
314409
172228
63367
321599
212170
293669
378936
335616
355273
355273
337879
343211
103048
334886
370845
336576
190052
328560
312645
278739
351192
297011
372304
261633
213580
335867
361029
277659
357211
342387
336896
364144
331632
366330
370730
350537
347862
342164
321078
300683
353502
111311
262861
372427
292453
344352
268893
191773
322380
359066
272972
314237
276591
200197
271007
353497
196238
371480
266034
341520
295362
270606
214991
325987
206409
161502
204130
267470
373050
331737
268015
194163
339403
360454
294867
336366
312775
225872
377267
240667
362256
358620
271549
361562
355861
352306
267300
366626
263507
342796
377268
353982
217479
125372
282036
173101
202749
287281
321476
316231
350193
350340
325354
347013
368001
267980
372156
281017
349249
281017
349249
379668
336667
163478
198034
272298
164846
317946
356322
364207
317584
341124
321697
259029
179267
318638
344635
356051
324631
262427
234932
356541
368320
227675
152067
306517
226081
324929
356987
165961
269135
347294
203189
185034
264609
275319
373724
224709
221006
272425
227466
308015
182662
350734
210010
290533
236056
373208
287639
297087
323505
375255
328574
302842
365931
319126
368659
198832
336823
258212
291913
170561
372281
351186
358588
311498
351696
331428
216928
363431
338855
360783
318184
83198
366007
207430
263576
338580
167949
362707
366883
368168
192704
333683
362922
279384
343803
296592
349238
368842
154284
342102
319867
367349
361305
319666
79240
237326
293914
360769
326989
158019
242247
374329
161117
359583
72987
322916
265048
355267
354519
374188
216819
176455
371611
327824
244977
210132
373923
192371
312796
202674
330108
112341
116276
328334
311712
286264
96703
326785
373132
332238
379262
330806
336782
194036
254818
327402
65915
354182
259686
315024
360350
376230
341172
343670
151165
371270
191604
191604
281716
345540
166671
343252
313155
330903
252784
274374
371771
197074
337454
362846
192327
305857
322819
357045
360145
133578
370724
334035
362856
215172
152889
336093
211862
292431
268393
359445
328909
374869
351923
341850
376922
332572
251701
111916
334308
185217
267975
356007
339532
301053
367567
316437
208223
365551
370287
365600
367830
367830
271048
349527
348914
318196
354844
322174
320253
367064
335617
362053
121811
344611
342984
230772
239536
347648
374991
348123
201814
297789
288387
318042
302349
334150
314672
375569
151555
342490
365928
184185
136206
354772
331988
224001
325605
368394
315087
288276
334658
326483
274555
352154
139979
188853
270437
263621
379130
224785
365156
352533
353486
376227
310510
349784
289248
276396
328998
349304
328650
369364
352563
240524
155507
122984
357629
365843
111084
281637
125771
354639
225462
361678
328647
312216
312216
371040
339315
204613
311132
180252
350357
172602
201583
364504
322330
324080
212145
369367
136231
246088
193532
258241
143254
239958
353720
178392
180663
247175
333979
333979
352167
375502
254135
299742
246789
205089
142850
360348
345380
314796
261121
263056
325219
372812
363433
238477
355756
255015
341892
278283
378120
285717
331461
274196
317451
342606
251924
212523
372501
354573
281653
329745
377596
337912
342932
366754
235529
255021
267352
347872
162528
255874
114187
337980
327656
173859
313043
335247
101597
215019
351496
341890
160607
372840
324201
292258
350854
319343
286090
250647
190542
360249
289422
332049
256140
337519
376456
329224
356469
369014
345983
365058
297015
187003
187003
358209
156313
346404
73136
136560
354943
259839
271556
239976
321298
240296
344973
299580
329302
337887
213588
266372
248081
251428
281881
378323
87077
355995
294698
334655
185387
369077
375770
339966
204365
91505
292089
357748
246220
182674
350970
344544
369646
361038
376743
172029
79280
100034
304805
141260
368846
314098
369794
292454
356907
322843
297807
338814
359279
351802
121832
278199
377966
370851
309506
259203
367750
296287
324278
316503
320702
324387
325530
237868
309328
378526
52411
352153
353017
232385
261174
178968
328564
359638
265736
327421
219662
298422
339773
290271
355288
375586
351077
314590
301714
337813
89563
346804
292263
340913
369942
259137
363582
271977
271977
356197
344267
357364
323825
349516
324642
211780
308865
114512
241790
366096
354927
375842
314588
275063
93143
353845
196077
123442
379261
221362
259248
360655
164976
163532
235530
378626
158559
376396
280638
256537
344798
297995
237955
278872
168602
340030
325902
158740
327325
283057
185676
338875
369481
318145
348549
267771
338005
328835
338005
328835
186250
349850
377964
153000
375412
333882
196005
355286
375221
333922
342644
316579
370517
346748
356450
353221
273405
322531
320066
329757
323016
195806
267581
348293
370627
370369
264033
372960
128051
199817
284445
315390
343905
240277
341708
139033
273741
352816
378138
347048
204255
267508
321920
282958
256105
342099
339019
350498
359748
130852
374455
337563
337166
362543
287888
335308
289609
348207
167103
362391
357925
330757
294224
268293
349170
350212
298288
351440
308405
362991
348225
239567
161688
161688
366915
359547
355366
260606
363369
282814
365924
344190
160311
298521
363744
100481
173113
330821
357293
269070
344668
367718
376637
221939
357312
209859
329371
225496
154710
368833
117410
279499
129425
316063
313045
275387
314976
332254
304391
263066
364827
341818
332645
299080
257528
257059
331635
262543
272975
181948
374988
330941
162709
330941
162709
363147
290046
369838
233766
347521
329192
91568
303452
335176
112263
378530
354548
205367
193107
307338
352406
110894
268292
151430
235922
379616
374636
245855
245855
268378
345103
191325
333237
329284
373755
119055
212180
307325
298020
253799
306546
245505
334427
346888
283964
266942
234642
290431
353485
266747
261917
320017
354767
336688
192503
360461
328604
229144
225275
305315
363752
360544
233878
237293
235914
372385
312167
339449
235877
282243
299713
151132
295676
251764
250827
284672
340020
320821
320821
370560
353363
272454
345248
338209
279444
149112
266058
276221
107668
362354
276728
351588
168479
288813
198315
375392
289468
149939
277178
380293
376228
122556
362474
340781
283181
204832
357627
356803
354731
351962
213887
366071
341488
259332
226184
244515
48972
308683
276347
257664
348081
245929
170213
230107
330300
364444
323112
353223
353223
308880
347669
296904
260160
298921
338003
313410
375550
266826
368510
353897
160608
312961
288869
323913
332732
369835
72988
286787
321339
244234
353787
273132
249556
377177
309451
263960
196341
372698
359535
265236
231290
341448
316548
374872
344164
205524
291986
378036
363808
360463
300948
303827
272858
191454
296770
270174
291207
275186
291207
275186
147266
208174
138182
332147
293445
232416
285337
208372
354854
217119
325717
333986
350005
142060
171461
339156
266448
366384
296112
354959
370552
341795
209775
269224
368398
175015
335065
221050
269788
281713
336917
270286
330106
126994
263204
280633
326217
231384
352416
373519
144121
97272
355370
334161
198203
326279
171875
337011
171875
337011
288406
180364
234883
350087
293014
354174
345455
253290
192480
333496
331909
361939
368435
279712
109851
361935
299071
147746
351168
263192
327340
347855
361817
122557
275503
344561
249458
320848
260527
260818
358398
367278
248341
334638
331151
266909
333041
219610
292495
321889
320228
167786
257033
246910
337345
288175
326090
169683
341205
346527
315616
266473
252871
256088
379254
317673
345968
341633
326882
341109
281458
216490
335644
269542
312588
353187
256857
288218
255539
195287
140304
232341
353821
353821
305875
276904
134764
222798
216637
350292
345172
271431
228293
179229
229636
378523
350967
319891
335970
194197
300444
282517
261337
323606
379595
365853
150376
372263
199190
324262
236277
326093
324533
362254
346084
348991
170067
192171
176182
286542
284338
312424
296219
352024
353056
359744
377015
174558
178445
165667
246020
239393
376080
376080
275709
238099
343145
244694
259890
348701
103382
334160
270418
334392
363109
149942
315771
366273
331123
252740
209603
317471
294497
261828
360355
239732
314910
290038
139830
336857
250984
169015
321942
212679
300921
292930
336019
89514
318075
359676
156624
287013
276217
265251
366933
338016
176208
363644
353231
272241
333430
278059
162059
322978
273082
336672
323620
343913
228878
67266
361042
205434
302294
281459
318883
160011
105850
325391
86129
234191
360669
333108
327604
358919
365155
360284
321077
306725
347645
191039
81542
364899
289037
353951
341975
255591
269434
249483
177849
357487
301232
300282
173882
257084
147308
368287
162886
80252
207726
198834
316971
205585
247426
205585
247426
286987
358497
225990
139556
294505
208467
303483
105615
200382
337236
266987
331517
276867
335772
254877
127981
361917
306682
342645
256896
326778
155651
332018
284075
319042
286557
337673
238109
268697
270370
335181
352515
213545
280729
239887
375390
199515
250574
172044
110800
323894
321340
227702
278610
336479
251897
158100
353389
273543
204488
376092
316234
185917
335641
344040
355158
364057
364829
317339
204958
143125
322365
287818
288698
172341
331901
336644
338109
143951
380479
359637
253643
324806
370972
333199
228873
338931
59407
296583
338327
360889
296161
178616
355531
171901
172910
347732
192592
198432
208501
138603
121972
158930
301489
336581
267604
314202
366917
366917
349841
345834
183084
158092
275812
376586
334411
234390
228552
359813
300765
183270
176640
271380
268308
265420
379118
275987
188535
339923
316864
326395
331160
199104
280662
357121
356279
348224
165955
364371
193755
319416
260216
353366
352815
329963
337007
294298
205232
173176
328962
278843
360155
312587
191599
342709
321670
290532
333990
327306
338750
295951
252205
299842
128994
196329
294913
303554
105985
190624
322691
347708
252873
185391
301600
196076
171184
196644
375902
225656
298120
239079
235168
308540
361220
256919
362731
288303
344633
203511
257250
347251
252861
213467
235434
262239
277653
363857
336668
258647
305831
140704
281263
290362
253091
287845
228948
158995
310062
271319
365778
304935
370447
371378
363317
372459
253992
337521
296353
114783
165457
167738
317251
369107
304287
310714
260622
340744
229257
321832
291404
288383
288292
307349
307349
78887
336321
305645
233245
309715
312659
219564
285288
317609
328112
295177
288294
361831
187931
293008
377700
301576
179863
328527
217648
255458
308248
233802
244579
110828
234734
371271
257095
98548
245676
324365
303893
212447
372096
134729
289177
287305
336381
332642
352814
334267
294192
357508
275397
143928
234744
334296
236088
218511
320165
282117
274826
208323
220882
370111
323522
225480
202716
267372
156998
191877
144333
374874
325558
142098
116300
349907
318305
373509
213519
323235
306272
307937
274110
288189
191836
165952
247816
277324
147577
323684
372686
217741
313936
196264
322555
215218
233102
176224
200143
345499
333591
288962
301292
114427
288198
264216
232837
209628
212562
166661
245503
350017
107884
279976
197866
269538
177297
375944
318655
291632
326894
259096
165954
332641
288308
189454
369410
361450
361804
359601
285314
275919
329809
275919
329809
337680
226730
284284
220348
69253
371959
247199
257402
319186
283046
101096
356978
335969
136489
263699
276334
219099
201565
177478
198905
266011
245595
231078
264782
338146
173543
140791
267043
268794
329850
202270
191427
153006
358644
284651
359236
367809
286026
290695
364641
345085
255768
251338
338504
194235
129130
117487
321480
259491
279933
364471
139062
324025
166808
173019
217456
332824
285364
165950
375488
225477
316574
342216
308787
307887
122462
360465
327596
242421
368779
251654
300923
177503
169271
264619
169360
287813
331165
322992
343746
339767
328785
152089
342417
208661
309224
297086
367972
323396
218055
200258
359440
130858
258549
234240
218305
50535
169179
169179
347365
252844
358263
361623
367568
165684
93145
359599
324653
343591
371902
288369
375234
332711
367370
263187
315265
298608
158725
262816
194409
367709
119514
241562
334676
368675
287208
323374
203435
347168
225475
320725
162662
344567
330248
303211
164010
114362
205309
308236
352195
378511
310821
365976
121530
210244
267986
303884
328694
341681
355271
88670
291643
333615
271681
147846
228195
260217
295843
329485
357605
149865
333707
359729
367006
319065
229119
212730
307818
130901
343705
172753
248769
293891